0.3014770869
0.5337394053
0.9185513892
1.4838281659
2.1719210714
2.8323380911
3.3409681544
3.6874769858
3.9219336039
4.0906404965
4.2216578795
4.3299474878
4.4231012415
4.5047849263
4.5766686173
4.6395428439
4.6939509579
4.7404943076
4.7799193862
4.8130837778
4.8408785251
4.8641552953
4.8836786135
4.9001046958
4.9139799828
4.9257510375
4.9357792312
4.9443560938
4.9517172232
4.9580539614
4.9635227750
4.9682525983
4.9723505094
4.9759060951
4.9789948136
4.9816806003
4.9840179034
4.9860532926
4.9878267422
4.9893726685
4.9907207758
4.9918967535
4.9929228563
4.9938183901
4.9946001217
4.9952826267
4.9958785856
4.9963990376
4.9968535984
4.9972506475
4.9975974901
4.9979004968
4.9981652248
4.9983965233
4.9985986238
4.9987752204
4.9989295379
4.9990643918
4.9991822412
4.9992852332
4.9993752435
4.9994539104
4.9995226650
4.9995827576
4.9996352804
4.9996811879
4.9997213140
4.9997563873
4.9997870445
4.9998138420
4.9998372660
4.9998577414
4.9998756397
4.9998912853
4.9999049620
4.9999169175
4.9999273686
4.9999365047
4.9999444913
4.9999514730
4.9999575764
4.9999629120
4.9999675764
4.9999716540
4.9999752188
4.9999783351
4.9999810595
4.9999834412
4.9999855234
4.9999873437
4.9999889351
4.9999903264
4.9999915427
4.9999926060
4.9999935357
4.9999943484
4.9999950590
4.9999956802
4.9999962233
4.9999966981
4.9999971132
4.9999974761
4.9999977934
4.9999980708
4.9999983133
4.9999985253
4.9999987107
4.9999988728
4.9999990145
4.9999991384
4.9999992467
4.9999993414
4.9999994242
4.9999994965
4.9999995598
4.9999996152
4.9999996635
4.9999997058
4.9999997428
4.9999997751
4.9999998034
4.9999998281
4.9999998497
4.9999998686
4.9999998851
4.9999998996
4.9999999122
4.9999999232
4.9999999329
4.9999999413
4.9999999487
4.9999999551
4.9999999608
4.9999999657
4.9999999700
4.9999999738
4.9999999771
4.9999999800
4.9999999825
4.9999999847
4.9999999866
4.9999999883
4.9999999898
4.9999999910
4.9999999922
4.9999999932
4.9999999940
4.9999999948
4.9999999954
4.9999999960
4.9999999965
4.9999999969
4.9999999973
4.9999999977
4.9999999980
4.9999999982
4.9999999984
4.9999999986
4.9999999988
4.9999999990
4.9999999991
4.9999999992
4.9999999993
4.9999999994
4.9999999995
4.9999999995
4.9999999996
4.9999999996
4.9999999997
4.9999999997
4.9999999998
4.9999999998
4.9999999998
4.9999999998
4.9999999999
4.9999999999
4.9999999999
4.9999999999
4.9999999999
4.9999999999
