f_Hz amplitude error
0.000000 0.009358 0.020000
2.500000 0.010185 0.020125
5.000000 0.010911 0.020250
7.500000 0.011427 0.020375
10.000000 0.011669 0.020500
12.500000 0.011664 0.020625
15.000000 0.011478 0.020750
17.500000 0.011143 0.020875
20.000000 0.010652 0.021000
22.500000 0.010038 0.021125
25.000000 0.009414 0.021250
27.500000 0.008895 0.021375
30.000000 0.008537 0.021500
32.500000 0.008289 0.021625
35.000000 0.007943 0.021750
37.500000 0.007327 0.021875
40.000000 0.006585 0.022000
42.500000 0.005905 0.022125
45.000000 0.005341 0.022250
47.500000 0.004880 0.022375
50.000000 0.004498 0.022500
52.500000 0.004176 0.022625
55.000000 0.003902 0.022750
57.500000 0.003663 0.022875
60.000000 0.003455 0.023000
62.500000 0.003270 0.023125
65.000000 0.003104 0.023250
67.500000 0.002956 0.023375
70.000000 0.002821 0.023500
72.500000 0.002699 0.023625
75.000000 0.002587 0.023750
77.500000 0.002484 0.023875
80.000000 0.002389 0.024000
82.500000 0.002302 0.024125
85.000000 0.002221 0.024250
87.500000 0.002145 0.024375
90.000000 0.002074 0.024500
92.500000 0.002008 0.024625
95.000000 0.001946 0.024750
97.500000 0.001888 0.024875
100.000000 0.001833 0.025000
102.500000 0.001782 0.025125
105.000000 0.001733 0.025250
107.500000 0.001687 0.025375
110.000000 0.001643 0.025500
112.500000 0.001602 0.025625
115.000000 0.001562 0.025750
117.500000 0.001525 0.025875
120.000000 0.001489 0.026000
122.500000 0.001455 0.026125
125.000000 0.001422 0.026250
127.500000 0.001391 0.026375
130.000000 0.001361 0.026500
132.500000 0.001333 0.026625
135.000000 0.001305 0.026750
137.500000 0.001279 0.026875
140.000000 0.001254 0.027000
142.500000 0.001229 0.027125
145.000000 0.001206 0.027250
147.500000 0.001184 0.027375
150.000000 0.001162 0.027500
152.500000 0.001141 0.027625
155.000000 0.001121 0.027750
157.500000 0.001102 0.027875
160.000000 0.001083 0.028000
162.500000 0.001065 0.028125
165.000000 0.001047 0.028250
167.500000 0.001030 0.028375
170.000000 0.001014 0.028500
172.500000 9.980e-04 0.028625
175.000000 9.820e-04 0.028750
177.500000 9.670e-04 0.028875
180.000000 9.530e-04 0.029000
182.500000 9.390e-04 0.029125
185.000000 9.250e-04 0.029250
187.500000 9.120e-04 0.029375
190.000000 8.990e-04 0.029500
192.500000 8.870e-04 0.029625
195.000000 8.740e-04 0.029750
197.500000 8.620e-04 0.029875
200.000000 8.510e-04 0.030000
202.500000 8.400e-04 0.030125
205.000000 8.290e-04 0.030250
207.500000 8.180e-04 0.030375
210.000000 8.080e-04 0.030500
212.500000 7.980e-04 0.030625
215.000000 7.880e-04 0.030750
217.500000 7.780e-04 0.030875
220.000000 7.690e-04 0.031000
222.500000 7.600e-04 0.031125
225.000000 7.510e-04 0.031250
227.500000 7.420e-04 0.031375
230.000000 7.330e-04 0.031500
232.500000 7.250e-04 0.031625
235.000000 7.170e-04 0.031750
237.500000 7.090e-04 0.031875
240.000000 7.010e-04 0.032000
242.500000 6.930e-04 0.032125
245.000000 6.860e-04 0.032250
247.500000 6.790e-04 0.032375
250.000000 6.710e-04 0.032500
252.500000 6.640e-04 0.032625
255.000000 6.580e-04 0.032750
257.500000 6.510e-04 0.032875
260.000000 6.440e-04 0.033000
262.500000 6.380e-04 0.033125
265.000000 6.310e-04 0.033250
267.500000 6.250e-04 0.033375
270.000000 6.190e-04 0.033500
272.500000 6.130e-04 0.033625
275.000000 6.070e-04 0.033750
277.500000 6.020e-04 0.033875
280.000000 5.960e-04 0.034000
282.500000 5.900e-04 0.034125
285.000000 5.850e-04 0.034250
287.500000 5.800e-04 0.034375
290.000000 5.740e-04 0.034500
292.500000 5.690e-04 0.034625
295.000000 5.640e-04 0.034750
297.500000 5.590e-04 0.034875
300.000000 5.540e-04 0.035000
302.500000 5.500e-04 0.035125
305.000000 5.450e-04 0.035250
307.500000 5.400e-04 0.035375
310.000000 5.360e-04 0.035500
312.500000 5.310e-04 0.035625
315.000000 5.270e-04 0.035750
317.500000 5.230e-04 0.035875
320.000000 5.180e-04 0.036000
322.500000 5.140e-04 0.036125
325.000000 5.100e-04 0.036250
327.500000 5.060e-04 0.036375
330.000000 5.020e-04 0.036500
332.500000 4.980e-04 0.036625
335.000000 4.940e-04 0.036750
337.500000 4.900e-04 0.036875
340.000000 4.870e-04 0.037000
342.500000 4.830e-04 0.037125
345.000000 4.790e-04 0.037250
347.500000 4.760e-04 0.037375
350.000000 4.720e-04 0.037500
352.500000 4.690e-04 0.037625
355.000000 4.650e-04 0.037750
357.500000 4.620e-04 0.037875
360.000000 4.590e-04 0.038000
362.500000 4.550e-04 0.038125
365.000000 4.520e-04 0.038250
367.500000 4.490e-04 0.038375
370.000000 4.460e-04 0.038500
372.500000 4.430e-04 0.038625
375.000000 4.400e-04 0.038750
377.500000 4.370e-04 0.038875
380.000000 4.340e-04 0.039000
382.500000 4.310e-04 0.039125
385.000000 4.280e-04 0.039250
387.500000 4.250e-04 0.039375
390.000000 4.220e-04 0.039500
392.500000 4.190e-04 0.039625
395.000000 4.170e-04 0.039750
397.500000 4.140e-04 0.039875
400.000000 4.110e-04 0.040000
402.500000 4.090e-04 0.040125
405.000000 4.060e-04 0.040250
407.500000 4.030e-04 0.040375
410.000000 4.010e-04 0.040500
412.500000 3.980e-04 0.040625
415.000000 3.960e-04 0.040750
417.500000 3.930e-04 0.040875
420.000000 3.910e-04 0.041000
422.500000 3.890e-04 0.041125
425.000000 3.860e-04 0.041250
427.500000 3.840e-04 0.041375
430.000000 3.820e-04 0.041500
432.500000 3.790e-04 0.041625
435.000000 3.770e-04 0.041750
437.500000 3.750e-04 0.041875
440.000000 3.730e-04 0.042000
442.500000 3.700e-04 0.042125
445.000000 3.680e-04 0.042250
447.500000 3.660e-04 0.042375
450.000000 3.640e-04 0.042500
452.500000 3.620e-04 0.042625
455.000000 3.600e-04 0.042750
457.500000 3.580e-04 0.042875
460.000000 3.560e-04 0.043000
462.500000 3.540e-04 0.043125
465.000000 3.520e-04 0.043250
467.500000 3.500e-04 0.043375
470.000000 3.480e-04 0.043500
472.500000 3.460e-04 0.043625
475.000000 3.440e-04 0.043750
477.500000 3.430e-04 0.043875
480.000000 3.410e-04 0.044000
482.500000 3.390e-04 0.044125
485.000000 3.370e-04 0.044250
487.500000 3.350e-04 0.044375
490.000000 3.340e-04 0.044500
492.500000 3.320e-04 0.044625
495.000000 3.300e-04 0.044750
497.500000 3.280e-04 0.044875
500.000000 3.270e-04 0.045000
