t_ms h_imr h_echo
0.000000 0.001832 0.000000
0.100000 0.001512 0.000000
0.200000 5.891e-04 0.000000
0.300000 -6.010e-04 0.000000
0.400000 -0.001605 0.000000
0.500000 -0.002024 0.000000
0.600000 -0.001671 0.000000
0.700000 -6.510e-04 0.000000
0.800000 6.642e-04 0.000000
0.900000 0.001774 0.000000
1.000000 0.002237 0.000000
1.100000 0.001846 0.000000
1.200000 7.195e-04 0.000000
1.300000 -7.340e-04 0.000000
1.400000 -0.001961 0.000000
1.500000 -0.002472 0.000000
1.600000 -0.002041 0.000000
1.700000 -7.952e-04 0.000000
1.800000 8.112e-04 0.000000
1.900000 0.002167 0.000000
2.000000 0.002732 0.000000
2.100000 0.002255 0.000000
2.200000 8.788e-04 0.000000
2.300000 -8.966e-04 0.000000
2.400000 -0.002395 0.000000
2.500000 -0.003020 0.000000
2.600000 -0.002492 0.000000
2.700000 -9.712e-04 0.000000
2.800000 9.909e-04 0.000000
2.900000 0.002646 0.000000
3.000000 0.003337 0.000000
3.100000 0.002754 0.000000
3.200000 0.001073 0.000000
3.300000 -0.001095 0.000000
3.400000 -0.002925 0.000000
3.500000 -0.003688 0.000000
3.600000 -0.003044 0.000000
3.700000 -0.001186 0.000000
3.800000 0.001210 0.000000
3.900000 0.003232 0.000000
4.000000 0.004076 0.000000
4.100000 0.003364 0.000000
4.200000 0.001311 0.000000
4.300000 -0.001338 0.000000
4.400000 -0.003572 0.000000
4.500000 -0.004505 0.000000
4.600000 -0.003718 0.000000
4.700000 -0.001449 0.000000
4.800000 0.001478 0.000000
4.900000 0.003948 0.000000
5.000000 0.004979 0.000000
5.100000 0.004109 0.000000
5.200000 0.001601 0.000000
5.300000 -0.001634 0.000000
5.400000 -0.004363 0.000000
5.500000 -0.005502 0.000000
5.600000 -0.004541 0.000000
5.700000 -0.001770 0.000000
5.800000 0.001805 0.000000
5.900000 0.004822 0.000000
6.000000 0.006081 0.000000
6.100000 0.005019 0.000000
6.200000 0.001956 0.000000
6.300000 -0.001995 0.000000
6.400000 -0.005329 0.000000
6.500000 -0.006721 0.000000
6.600000 -0.005547 0.000000
6.700000 -0.002162 0.000000
6.800000 0.002205 0.000000
6.900000 0.005890 0.000000
7.000000 0.007427 0.000000
7.100000 0.006130 0.000000
7.200000 0.002389 0.000000
7.300000 -0.002437 0.000000
7.400000 -0.006509 0.000000
7.500000 -0.008208 0.000000
7.600000 -0.006775 0.000000
7.700000 -0.002640 0.000000
7.800000 0.002693 0.000000
7.900000 0.007194 0.000000
8.000000 0.009072 0.000000
8.100000 0.007487 0.000000
8.200000 0.002918 0.000000
8.300000 -0.002977 0.000000
8.400000 -0.007951 0.000000
8.500000 -0.010026 0.000000
8.600000 -0.008275 0.000000
8.700000 -0.003225 0.000000
8.800000 0.003290 0.000000
8.900000 0.008787 0.000000
9.000000 0.011080 0.000000
9.100000 0.009145 0.000000
9.200000 0.003564 0.000000
9.300000 -0.003636 0.000000
9.400000 -0.009711 0.000000
9.500000 -0.012246 0.000000
9.600000 -0.010107 0.000000
9.700000 -0.003939 0.000000
9.800000 0.004018 0.000000
9.900000 0.010732 0.000000
10.000000 0.013534 0.000000
10.100000 0.011170 0.000000
10.200000 0.004353 0.000000
10.300000 -0.004441 0.000000
10.400000 -0.011861 0.000000
10.500000 -0.014957 0.000000
10.600000 -0.012345 0.000000
10.700000 -0.004811 0.000000
10.800000 0.004908 0.000000
10.900000 0.013108 0.000000
11.000000 0.016530 0.000000
11.100000 0.013643 0.000000
11.200000 0.005316 0.000000
11.300000 -0.005424 0.000000
11.400000 -0.014487 0.000000
11.500000 -0.018268 0.000000
11.600000 -0.015078 0.000000
11.700000 -0.005876 0.000000
11.800000 0.005994 0.000000
11.900000 0.016010 0.000000
12.000000 0.020190 0.000000
12.100000 0.016664 0.000000
12.200000 0.006494 0.000000
12.300000 -0.006625 0.000000
12.400000 -0.017694 0.000000
12.500000 -0.022313 0.000000
12.600000 -0.018416 0.000000
12.700000 -0.007176 0.000000
12.800000 0.007321 0.000000
12.900000 0.019555 0.000000
13.000000 0.024660 0.000000
13.100000 0.020353 0.000000
13.200000 0.007931 0.000000
13.300000 -0.008091 0.000000
13.400000 -0.021612 0.000000
13.500000 -0.027253 0.000000
13.600000 -0.022494 0.000000
13.700000 -0.008765 0.000000
13.800000 0.008942 0.000000
13.900000 0.023885 0.000000
14.000000 0.030119 0.000000
14.100000 0.024859 0.000000
14.200000 0.009687 0.000000
14.300000 -0.009883 0.000000
14.400000 -0.026397 0.000000
14.500000 -0.033287 0.000000
14.600000 -0.027474 0.000000
14.700000 -0.010706 0.000000
14.800000 0.010922 0.000000
14.900000 0.029173 0.000000
15.000000 0.036788 0.000000
15.100000 0.030363 0.000000
15.200000 0.011832 0.000000
15.300000 -0.012071 0.000000
15.400000 -0.032241 0.000000
15.500000 -0.040657 0.000000
15.600000 -0.033557 0.000000
15.700000 -0.013076 0.000000
15.800000 0.013341 0.000000
15.900000 0.035632 0.000000
16.000000 0.044933 0.000000
16.100000 0.037086 0.000000
16.200000 0.014452 0.000000
16.300000 -0.014744 0.000000
16.400000 -0.039379 0.000000
16.500000 -0.049659 0.000000
16.600000 -0.040986 0.000000
16.700000 -0.015972 0.000000
16.800000 0.016294 0.000000
16.900000 0.043521 0.000000
17.000000 0.054881 0.000000
17.100000 0.045297 0.000000
17.200000 0.017651 0.000000
17.300000 -0.018008 0.000000
17.400000 -0.048098 0.000000
17.500000 -0.060653 0.000000
17.600000 -0.050061 0.000000
17.700000 -0.019508 0.000000
17.800000 0.019902 0.000000
17.900000 0.053156 0.000000
18.000000 0.067032 0.000000
18.100000 0.055326 0.000000
18.200000 0.021559 0.000000
18.300000 -0.021995 0.000000
18.400000 -0.058747 0.000000
18.500000 -0.074082 0.000000
18.600000 -0.061144 0.000000
18.700000 -0.023827 0.000000
18.800000 0.024308 0.000000
18.900000 0.064925 0.000000
19.000000 0.081873 0.000000
19.100000 0.067575 0.000000
19.200000 0.026333 0.000000
19.300000 -0.026865 0.000000
19.400000 -0.071753 0.000000
19.500000 -0.090484 0.000000
19.600000 -0.074682 0.000000
19.700000 -0.029102 0.000000
19.800000 0.029690 0.000000
19.900000 0.079300 0.000000
20.000000 0.500000 0.000000
20.100000 0.146973 0.000000
20.200000 -0.366014 0.000000
20.300000 -0.348164 0.000000
20.400000 0.126501 0.000000
20.500000 0.389400 0.000000
20.600000 0.114463 0.000000
20.700000 -0.285052 0.000000
20.800000 -0.271150 0.000000
20.900000 0.098519 0.000000
21.000000 0.303265 0.000000
21.100000 0.089144 0.000000
21.200000 -0.221999 0.000000
21.300000 -0.211172 0.000000
21.400000 0.076727 0.000000
21.500000 0.236183 0.000000
21.600000 0.069425 0.000000
21.700000 -0.172893 0.000000
21.800000 -0.164461 0.000000
21.900000 0.059755 0.000000
22.000000 0.183940 0.000000
22.100000 0.054068 0.000000
22.200000 -0.134649 0.000000
22.300000 -0.128082 0.000000
22.400000 0.046537 0.000000
22.500000 0.143252 0.000000
22.600000 0.042108 0.000000
22.700000 -0.104865 0.000000
22.800000 -0.099751 0.000000
22.900000 0.036243 0.000000
23.000000 0.111565 0.000000
23.100000 0.032794 0.000000
23.200000 -0.081669 0.000000
23.300000 -0.077686 0.000000
23.400000 0.028226 0.000000
23.500000 0.086887 0.000000
23.600000 0.025540 0.000000
23.700000 -0.063604 0.000000
23.800000 -0.060502 0.000000
23.900000 0.021983 0.000000
24.000000 0.067668 0.000000
24.100000 0.019891 0.000000
24.200000 -0.049535 0.000000
24.300000 -0.047119 0.000000
24.400000 0.017120 0.000000
24.500000 0.052700 0.000000
24.600000 0.015491 0.000000
24.700000 -0.038578 0.000000
24.800000 -0.036696 0.000000
24.900000 0.013333 0.000000
25.000000 0.041042 0.000000
25.100000 0.012064 0.000000
25.200000 -0.030044 0.000000
25.300000 -0.028579 0.000000
25.400000 0.010384 0.000000
25.500000 0.031964 0.000000
25.600000 0.009396 0.000000
25.700000 -0.023399 0.000000
25.800000 -0.022257 0.000000
25.900000 0.008087 0.000000
26.000000 0.024894 0.000000
26.100000 0.007317 0.000000
26.200000 -0.018223 0.000000
26.300000 -0.017334 0.000000
26.400000 0.006298 0.000000
26.500000 0.019387 0.000000
26.600000 0.005699 0.000000
26.700000 -0.014192 0.000000
26.800000 -0.013500 0.000000
26.900000 0.004905 0.000000
27.000000 0.015099 0.000000
27.100000 0.004438 0.000000
27.200000 -0.011053 0.000000
27.300000 -0.010514 0.000000
27.400000 0.003820 0.000000
27.500000 0.011759 0.000000
27.600000 0.003456 0.000000
27.700000 -0.008608 0.000000
27.800000 -0.008188 0.000000
27.900000 0.002975 0.000000
28.000000 0.009158 0.000000
28.100000 0.002692 0.000000
28.200000 -0.006704 0.000000
28.300000 -0.006377 0.000000
28.400000 0.002317 0.000000
28.500000 0.007132 0.000000
28.600000 0.002096 0.000000
28.700000 -0.005221 0.000000
28.800000 -0.004966 0.000000
28.900000 0.001804 0.000000
29.000000 0.005554 0.000000
29.100000 0.001633 0.000000
29.200000 -0.004066 0.000000
29.300000 -0.003868 0.000000
29.400000 0.001405 0.000000
29.500000 0.004326 0.000000
29.600000 0.001272 0.000000
29.700000 -0.003167 0.000000
29.800000 -0.003012 0.000000
29.900000 0.001094 0.000000
30.000000 0.003369 0.000000
30.100000 9.903e-04 0.000000
30.200000 -0.002466 0.000000
30.300000 -0.002346 0.000000
30.400000 8.524e-04 0.000000
30.500000 0.002624 0.000000
30.600000 7.712e-04 0.000000
30.700000 -0.001921 0.000000
30.800000 -0.001827 0.000000
30.900000 6.638e-04 0.000000
31.000000 0.002043 0.000000
31.100000 6.006e-04 0.000000
31.200000 -0.001496 0.000000
31.300000 -0.001423 0.000000
31.400000 5.170e-04 0.000000
31.500000 0.001591 0.000000
31.600000 4.678e-04 0.000000
31.700000 -0.001165 0.000000
31.800000 -0.001108 0.000000
31.900000 4.026e-04 0.000000
32.000000 0.001239 0.000000
32.100000 3.643e-04 0.000000
32.200000 -9.073e-04 0.000000
32.300000 -8.630e-04 0.000000
32.400000 3.136e-04 0.000000
32.500000 9.652e-04 0.000000
32.600000 2.837e-04 0.000000
32.700000 -7.066e-04 0.000000
32.800000 -6.721e-04 0.000000
32.900000 2.442e-04 0.000000
33.000000 7.517e-04 0.000000
33.100000 2.210e-04 0.000000
33.200000 -5.503e-04 0.000000
33.300000 -5.234e-04 0.000000
33.400000 1.902e-04 0.000000
33.500000 5.854e-04 0.000000
33.600000 1.721e-04 0.000000
33.700000 -4.286e-04 0.000000
33.800000 -4.077e-04 0.000000
33.900000 1.481e-04 0.000000
34.000000 4.559e-04 0.000000
34.100000 1.340e-04 0.000000
34.200000 -3.338e-04 0.000000
34.300000 -3.175e-04 0.000000
34.400000 1.154e-04 0.000000
34.500000 3.551e-04 0.000000
34.600000 1.044e-04 0.000000
34.700000 -2.599e-04 0.000000
34.800000 -2.473e-04 0.000000
34.900000 8.984e-05 0.000000
35.000000 2.765e-04 0.000000
35.100000 8.129e-05 0.044092
35.200000 -2.024e-04 -0.109804
35.300000 -1.926e-04 -0.104449
35.400000 6.997e-05 0.037950
35.500000 2.154e-04 0.116820
35.600000 6.331e-05 0.034339
35.700000 -1.577e-04 -0.085516
35.800000 -1.500e-04 -0.081345
35.900000 5.449e-05 0.029556
36.000000 1.677e-04 0.090980
36.100000 4.930e-05 0.026743
36.200000 -1.228e-04 -0.066600
36.300000 -1.168e-04 -0.063352
36.400000 4.244e-05 0.023018
36.500000 1.306e-04 0.070855
36.600000 3.840e-05 0.020828
36.700000 -9.562e-05 -0.051868
36.800000 -9.096e-05 -0.049338
36.900000 3.305e-05 0.017926
37.000000 1.017e-04 0.055182
37.100000 2.990e-05 0.016221
37.200000 -7.447e-05 -0.040395
37.300000 -7.084e-05 -0.038425
37.400000 2.574e-05 0.013961
37.500000 7.923e-05 0.042976
37.600000 2.329e-05 0.012633
37.700000 -5.800e-05 -0.031459
37.800000 -5.517e-05 -0.029925
37.900000 2.005e-05 0.010873
38.000000 6.170e-05 0.033470
38.100000 1.814e-05 0.009838
38.200000 -4.517e-05 -0.024501
38.300000 -4.297e-05 -0.023306
38.400000 1.561e-05 0.008468
38.500000 4.806e-05 0.026066
38.600000 1.413e-05 0.007662
38.700000 -3.518e-05 -0.019081
38.800000 -3.346e-05 -0.018151
38.900000 1.216e-05 0.006595
39.000000 3.743e-05 0.020300
39.100000 1.100e-05 0.005967
39.200000 -2.740e-05 -0.014860
39.300000 -2.606e-05 -0.014136
39.400000 9.469e-06 0.005136
39.500000 2.915e-05 0.015810
39.600000 8.568e-06 0.004647
39.700000 -2.134e-05 -0.011573
39.800000 -2.030e-05 -0.011009
39.900000 7.374e-06 0.004000
40.000000 2.270e-05 0.012313
40.100000 6.673e-06 0.003619
40.200000 -1.662e-05 -0.009013
40.300000 -1.581e-05 -0.008574
40.400000 5.743e-06 0.003115
40.500000 1.768e-05 0.009589
40.600000 5.197e-06 0.002819
40.700000 -1.294e-05 -0.007020
40.800000 -1.231e-05 -0.006677
40.900000 4.473e-06 0.002426
41.000000 1.377e-05 0.007468
41.100000 4.047e-06 0.002195
41.200000 -1.008e-05 -0.005467
41.300000 -9.587e-06 -0.005200
41.400000 3.483e-06 0.001889
41.500000 1.072e-05 0.005816
41.600000 3.152e-06 0.001710
41.700000 -7.849e-06 -0.004258
41.800000 -7.467e-06 -0.004050
41.900000 2.713e-06 0.001471
42.000000 8.351e-06 0.004530
42.100000 2.455e-06 0.001331
42.200000 -6.113e-06 -0.003316
42.300000 -5.815e-06 -0.003154
42.400000 2.113e-06 0.001146
42.500000 6.504e-06 0.003528
42.600000 1.912e-06 0.001037
42.700000 -4.761e-06 -0.002582
42.800000 -4.529e-06 -0.002456
42.900000 1.645e-06 8.925e-04
43.000000 5.065e-06 0.002747
43.100000 1.489e-06 8.076e-04
43.200000 -3.708e-06 -0.002011
43.300000 -3.527e-06 -0.001913
43.400000 1.281e-06 6.951e-04
43.500000 3.945e-06 0.002140
43.600000 1.160e-06 6.289e-04
43.700000 -2.888e-06 -0.001566
43.800000 -2.747e-06 -0.001490
43.900000 9.980e-07 5.413e-04
44.000000 3.072e-06 0.001666
44.100000 9.030e-07 4.898e-04
44.200000 -2.249e-06 -0.001220
44.300000 -2.139e-06 -0.001160
44.400000 7.772e-07 4.216e-04
44.500000 2.393e-06 0.001298
44.600000 7.033e-07 3.815e-04
44.700000 -1.751e-06 -9.500e-04
44.800000 -1.666e-06 -9.037e-04
44.900000 6.053e-07 3.283e-04
45.000000 1.863e-06 0.001011
45.100000 5.477e-07 2.971e-04
45.200000 -1.364e-06 -7.399e-04
45.300000 -1.297e-06 -7.038e-04
45.400000 4.714e-07 2.557e-04
45.500000 1.451e-06 7.871e-04
45.600000 4.266e-07 2.314e-04
45.700000 -1.062e-06 -5.762e-04
45.800000 -1.010e-06 -5.481e-04
45.900000 3.671e-07 1.991e-04
46.000000 1.130e-06 6.130e-04
46.100000 3.322e-07 1.802e-04
46.200000 -8.273e-07 -4.487e-04
46.300000 -7.870e-07 -4.269e-04
46.400000 2.859e-07 1.551e-04
46.500000 8.802e-07 4.774e-04
46.600000 2.587e-07 1.403e-04
46.700000 -6.443e-07 -3.495e-04
46.800000 -6.129e-07 -3.324e-04
46.900000 2.227e-07 1.208e-04
47.000000 6.855e-07 3.718e-04
47.100000 2.015e-07 1.093e-04
47.200000 -5.018e-07 -2.722e-04
47.300000 -4.773e-07 -2.589e-04
47.400000 1.734e-07 9.407e-05
47.500000 5.339e-07 2.896e-04
47.600000 1.569e-07 8.512e-05
47.700000 -3.908e-07 -2.120e-04
47.800000 -3.717e-07 -2.016e-04
47.900000 1.351e-07 7.326e-05
48.000000 4.158e-07 2.255e-04
48.100000 1.222e-07 6.629e-05
48.200000 -3.044e-07 -1.651e-04
48.300000 -2.895e-07 -1.570e-04
48.400000 1.052e-07 5.706e-05
48.500000 3.238e-07 1.756e-04
48.600000 9.518e-08 5.163e-05
48.700000 -2.370e-07 -1.286e-04
48.800000 -2.255e-07 -1.223e-04
48.900000 8.192e-08 4.444e-05
49.000000 2.522e-07 1.368e-04
49.100000 7.413e-08 4.021e-05
49.200000 -1.846e-07 -1.001e-04
49.300000 -1.756e-07 -9.525e-05
49.400000 6.380e-08 3.461e-05
49.500000 1.964e-07 1.065e-04
49.600000 5.773e-08 3.131e-05
49.700000 -1.438e-07 -7.798e-05
49.800000 -1.368e-07 -7.418e-05
49.900000 4.969e-08 2.695e-05
50.000000 1.530e-07 8.296e-05
50.100000 4.496e-08 2.439e-05
50.200000 -1.120e-07 -6.073e-05
50.300000 -1.065e-07 -5.777e-05
50.400000 3.870e-08 2.099e-05
50.500000 1.191e-07 6.461e-05
50.600000 3.501e-08 1.899e-05
50.700000 -8.720e-08 -4.730e-05
50.800000 -8.295e-08 -4.499e-05
50.900000 3.014e-08 1.635e-05
51.000000 9.277e-08 5.032e-05
51.100000 2.727e-08 1.479e-05
51.200000 -6.791e-08 -3.684e-05
51.300000 -6.460e-08 -3.504e-05
51.400000 2.347e-08 1.273e-05
51.500000 7.225e-08 3.919e-05
51.600000 2.124e-08 1.152e-05
51.700000 -5.289e-08 -2.869e-05
51.800000 -5.031e-08 -2.729e-05
51.900000 1.828e-08 9.915e-06
52.000000 5.627e-08 3.052e-05
52.100000 1.654e-08 8.971e-06
52.200000 -4.119e-08 -2.234e-05
52.300000 -3.918e-08 -2.125e-05
52.400000 1.424e-08 7.722e-06
52.500000 4.382e-08 2.377e-05
52.600000 1.288e-08 6.987e-06
52.700000 -3.208e-08 -1.740e-05
52.800000 -3.051e-08 -1.655e-05
52.900000 1.109e-08 6.014e-06
53.000000 3.413e-08 1.851e-05
53.100000 1.003e-08 5.441e-06
53.200000 -2.498e-08 -1.355e-05
53.300000 -2.376e-08 -1.289e-05
53.400000 8.634e-09 4.683e-06
53.500000 2.658e-08 1.442e-05
53.600000 7.813e-09 4.238e-06
53.700000 -1.946e-08 -1.055e-05
53.800000 -1.851e-08 -1.004e-05
53.900000 6.725e-09 3.647e-06
54.000000 2.070e-08 1.123e-05
54.100000 6.085e-09 3.300e-06
54.200000 -1.515e-08 -8.219e-06
54.300000 -1.441e-08 -7.818e-06
54.400000 5.237e-09 2.841e-06
54.500000 1.612e-08 8.744e-06
54.600000 4.739e-09 2.570e-06
54.700000 -1.180e-08 -6.401e-06
54.800000 -1.123e-08 -6.089e-06
54.900000 4.079e-09 2.212e-06
55.000000 1.255e-08 6.810e-06
55.100000 3.690e-09 2.002e-06
55.200000 -9.191e-09 -4.985e-06
55.300000 -8.742e-09 -4.742e-06
55.400000 3.176e-09 1.723e-06
55.500000 9.778e-09 5.304e-06
55.600000 2.874e-09 1.559e-06
55.700000 -7.158e-09 -3.882e-06
55.800000 -6.809e-09 -3.693e-06
55.900000 2.474e-09 1.342e-06
56.000000 7.615e-09 4.130e-06
56.100000 2.238e-09 1.214e-06
56.200000 -5.574e-09 -3.024e-06
56.300000 -5.303e-09 -2.876e-06
56.400000 1.927e-09 1.045e-06
56.500000 5.931e-09 3.217e-06
56.600000 1.743e-09 9.456e-07
56.700000 -4.341e-09 -2.355e-06
56.800000 -4.130e-09 -2.240e-06
56.900000 1.500e-09 8.139e-07
57.000000 4.619e-09 2.505e-06
57.100000 1.358e-09 7.364e-07
57.200000 -3.381e-09 -1.834e-06
57.300000 -3.216e-09 -1.744e-06
57.400000 1.169e-09 6.338e-07
57.500000 3.597e-09 1.951e-06
57.600000 1.057e-09 5.735e-07
57.700000 -2.633e-09 -1.428e-06
57.800000 -2.505e-09 -1.359e-06
57.900000 9.101e-10 4.936e-07
58.000000 2.801e-09 1.520e-06
58.100000 8.235e-10 4.467e-07
58.200000 -2.051e-09 -1.112e-06
58.300000 -1.951e-09 -1.058e-06
58.400000 7.088e-10 3.844e-07
58.500000 2.182e-09 1.183e-06
58.600000 6.413e-10 3.479e-07
58.700000 -1.597e-09 -8.663e-07
58.800000 -1.519e-09 -8.240e-07
58.900000 5.520e-10 2.994e-07
59.000000 1.699e-09 9.216e-07
59.100000 4.995e-10 2.709e-07
59.200000 -1.244e-09 -6.747e-07
59.300000 -1.183e-09 -6.418e-07
59.400000 4.299e-10 2.332e-07
59.500000 1.323e-09 7.178e-07
59.600000 3.890e-10 2.110e-07
59.700000 -9.687e-10 -5.254e-07
59.800000 -9.214e-10 -4.998e-07
59.900000 3.348e-10 1.816e-07
60.000000 1.031e-09 5.590e-07
60.100000 3.029e-10 1.643e-07
60.200000 -7.544e-10 -4.092e-07
60.300000 -7.176e-10 -3.892e-07
60.400000 2.607e-10 1.414e-07
60.500000 8.026e-10 4.353e-07
60.600000 2.359e-10 1.280e-07
60.700000 -5.875e-10 -3.187e-07
60.800000 -5.589e-10 -3.031e-07
60.900000 2.031e-10 1.101e-07
61.000000 6.251e-10 3.390e-07
61.100000 1.837e-10 9.966e-08
61.200000 -4.576e-10 -2.482e-07
61.300000 -4.353e-10 -2.361e-07
61.400000 1.581e-10 8.578e-08
61.500000 4.868e-10 2.641e-07
61.600000 1.431e-10 7.762e-08
61.700000 -3.564e-10 -1.933e-07
61.800000 -3.390e-10 -1.839e-07
61.900000 1.232e-10 6.681e-08
62.000000 3.791e-10 2.056e-07
62.100000 1.114e-10 6.045e-08
62.200000 -2.775e-10 -1.505e-07
62.300000 -2.640e-10 -1.432e-07
62.400000 9.592e-11 5.203e-08
62.500000 2.953e-10 1.602e-07
62.600000 8.679e-11 4.708e-08
62.700000 -2.161e-10 -1.172e-07
62.800000 -2.056e-10 -1.115e-07
62.900000 7.470e-11 4.052e-08
63.000000 2.300e-10 1.247e-07
63.100000 6.759e-11 3.666e-08
63.200000 -1.683e-10 -9.131e-08
63.300000 -1.601e-10 -8.685e-08
63.400000 5.818e-11 3.156e-08
63.500000 1.791e-10 9.714e-08
63.600000 5.264e-11 2.855e-08
63.700000 -1.311e-10 -7.111e-08
63.800000 -1.247e-10 -6.764e-08
63.900000 4.531e-11 2.458e-08
64.000000 1.395e-10 7.565e-08
64.100000 4.100e-11 2.224e-08
64.200000 -1.021e-10 -5.538e-08
64.300000 -9.712e-11 -5.268e-08
64.400000 3.529e-11 1.914e-08
64.500000 1.086e-10 5.892e-08
64.600000 3.193e-11 1.732e-08
64.700000 -7.951e-11 -4.313e-08
64.800000 -7.564e-11 -4.103e-08
64.900000 2.748e-11 1.491e-08
65.000000 8.459e-11 4.589e-08
65.100000 2.487e-11 1.349e-08
65.200000 -6.193e-11 -3.359e-08
65.300000 -5.891e-11 -3.195e-08
65.400000 2.140e-11 1.161e-08
65.500000 6.588e-11 3.574e-08
65.600000 1.937e-11 1.050e-08
65.700000 -4.823e-11 -2.616e-08
65.800000 -4.588e-11 -2.488e-08
65.900000 1.667e-11 9.041e-09
66.000000 5.131e-11 2.783e-08
66.100000 1.508e-11 8.181e-09
66.200000 -3.756e-11 -2.037e-08
66.300000 -3.573e-11 -1.938e-08
66.400000 1.298e-11 7.041e-09
66.500000 3.996e-11 2.167e-08
66.600000 1.175e-11 6.371e-09
66.700000 -2.925e-11 -1.587e-08
66.800000 -2.783e-11 -1.509e-08
66.900000 1.011e-11 5.484e-09
67.000000 3.112e-11 1.688e-08
67.100000 9.148e-12 4.962e-09
67.200000 -2.278e-11 -1.236e-08
67.300000 -2.167e-11 -1.175e-08
67.400000 7.874e-12 4.271e-09
67.500000 2.424e-11 1.315e-08
67.600000 7.124e-12 3.864e-09
67.700000 -1.774e-11 -9.624e-09
67.800000 -1.688e-11 -9.154e-09
67.900000 6.132e-12 3.326e-09
68.000000 1.888e-11 1.024e-08
68.100000 5.548e-12 3.010e-09
68.200000 -1.382e-11 -7.495e-09
68.300000 -1.314e-11 -7.129e-09
68.400000 4.776e-12 2.590e-09
68.500000 1.470e-11 7.974e-09
68.600000 4.321e-12 2.344e-09
68.700000 -1.076e-11 -5.837e-09
68.800000 -1.024e-11 -5.552e-09
68.900000 3.719e-12 2.017e-09
69.000000 1.145e-11 6.210e-09
69.100000 3.365e-12 1.825e-09
69.200000 -8.381e-12 -4.546e-09
69.300000 -7.972e-12 -4.324e-09
69.400000 2.897e-12 1.571e-09
69.500000 8.916e-12 4.836e-09
69.600000 2.621e-12 1.422e-09
69.700000 -6.527e-12 -3.540e-09
69.800000 -6.209e-12 -3.368e-09
69.900000 2.256e-12 1.224e-09
70.000000 6.944e-12 3.766e-09
70.100000 2.041e-12 1.107e-09
70.200000 -5.083e-12 -2.757e-09
70.300000 -4.835e-12 -2.623e-09
70.400000 1.757e-12 9.529e-10
70.500000 5.408e-12 2.933e-09
70.600000 1.590e-12 8.622e-10
70.700000 -3.959e-12 -2.147e-09
70.800000 -3.766e-12 -2.043e-09
70.900000 1.368e-12 7.421e-10
71.000000 4.212e-12 2.284e-09
71.100000 1.238e-12 6.715e-10
71.200000 -3.083e-12 -1.672e-09
71.300000 -2.933e-12 -1.591e-09
71.400000 1.066e-12 5.780e-10
71.500000 3.280e-12 1.779e-09
71.600000 9.642e-13 5.230e-10
71.700000 -2.401e-12 -1.302e-09
71.800000 -2.284e-12 -1.239e-09
71.900000 8.299e-13 4.501e-10
72.000000 2.555e-12 1.386e-09
72.100000 7.509e-13 4.073e-10
72.200000 -1.870e-12 -1.014e-09
72.300000 -1.779e-12 -9.648e-10
72.400000 6.463e-13 3.506e-10
72.500000 1.989e-12 1.079e-09
72.600000 5.848e-13 3.172e-10
72.700000 -1.456e-12 -7.899e-10
72.800000 -1.385e-12 -7.514e-10
72.900000 5.033e-13 2.730e-10
73.000000 1.549e-12 8.404e-10
73.100000 4.554e-13 2.470e-10
73.200000 -1.134e-12 -6.152e-10
73.300000 -1.079e-12 -5.852e-10
73.400000 3.920e-13 2.126e-10
73.500000 1.207e-12 6.545e-10
73.600000 3.547e-13 1.924e-10
73.700000 -8.833e-13 -4.791e-10
73.800000 -8.402e-13 -4.558e-10
73.900000 3.053e-13 1.656e-10
74.000000 9.398e-13 5.097e-10
74.100000 2.762e-13 1.498e-10
74.200000 -6.879e-13 -3.731e-10
74.300000 -6.544e-13 -3.549e-10
74.400000 2.378e-13 1.290e-10
74.500000 7.319e-13 3.970e-10
74.600000 2.151e-13 1.167e-10
74.700000 -5.358e-13 -2.906e-10
74.800000 -5.096e-13 -2.764e-10
74.900000 1.852e-13 1.004e-10
75.000000 5.700e-13 3.092e-10
75.100000 1.675e-13 9.088e-11
75.200000 -4.173e-13 -2.263e-10
75.300000 -3.969e-13 -2.153e-10
75.400000 1.442e-13 7.822e-11
75.500000 4.439e-13 2.408e-10
75.600000 1.305e-13 7.078e-11
75.700000 -3.250e-13 -1.763e-10
75.800000 -3.091e-13 -1.677e-10
75.900000 1.123e-13 6.092e-11
76.000000 3.457e-13 1.875e-10
76.100000 1.016e-13 5.512e-11
76.200000 -2.531e-13 -1.373e-10
76.300000 -2.407e-13 -1.306e-10
76.400000 8.747e-14 4.744e-11
76.500000 2.692e-13 1.460e-10
76.600000 7.914e-14 4.293e-11
76.700000 -1.971e-13 -1.069e-10
76.800000 -1.875e-13 -1.017e-10
76.900000 6.812e-14 3.695e-11
77.000000 2.097e-13 1.137e-10
77.100000 6.164e-14 3.343e-11
77.200000 -1.535e-13 -8.326e-11
77.300000 -1.460e-13 -7.920e-11
77.400000 5.305e-14 2.878e-11
77.500000 1.633e-13 8.858e-11
77.600000 4.800e-14 2.604e-11
77.700000 -1.195e-13 -6.484e-11
77.800000 -1.137e-13 -6.168e-11
77.900000 4.132e-14 2.241e-11
78.000000 1.272e-13 6.899e-11
78.100000 3.739e-14 2.028e-11
78.200000 -9.310e-14 -5.050e-11
78.300000 -8.856e-14 -4.804e-11
78.400000 3.218e-14 1.745e-11
78.500000 9.905e-14 5.373e-11
78.600000 2.912e-14 1.579e-11
78.700000 -7.251e-14 -3.933e-11
78.800000 -6.897e-14 -3.741e-11
78.900000 2.506e-14 1.359e-11
79.000000 7.714e-14 4.184e-11
79.100000 2.268e-14 1.230e-11
79.200000 -5.647e-14 -3.063e-11
79.300000 -5.372e-14 -2.914e-11
79.400000 1.952e-14 1.059e-11
79.500000 6.008e-14 3.259e-11
79.600000 1.766e-14 9.579e-12
79.700000 -4.398e-14 -2.385e-11
79.800000 -4.183e-14 -2.269e-11
79.900000 1.520e-14 8.244e-12
80.000000 4.679e-14 2.538e-11
80.100000 1.375e-14 7.460e-12
80.200000 -3.425e-14 -1.858e-11
80.300000 -3.258e-14 -1.767e-11
80.400000 1.184e-14 6.421e-12
80.500000 3.644e-14 1.976e-11
80.600000 1.071e-14 5.810e-12
80.700000 -2.667e-14 -1.447e-11
80.800000 -2.537e-14 -1.376e-11
80.900000 9.219e-15 5.001e-12
81.000000 2.838e-14 1.539e-11
81.100000 8.342e-15 4.525e-12
81.200000 -2.077e-14 -1.127e-11
81.300000 -1.976e-14 -1.072e-11
81.400000 7.180e-15 3.894e-12
81.500000 2.210e-14 1.199e-11
81.600000 6.497e-15 3.524e-12
81.700000 -1.618e-14 -8.776e-12
81.800000 -1.539e-14 -8.348e-12
81.900000 5.592e-15 3.033e-12
82.000000 1.721e-14 9.336e-12
82.100000 5.060e-15 2.744e-12
82.200000 -1.260e-14 -6.834e-12
82.300000 -1.199e-14 -6.501e-12
82.400000 4.355e-15 2.362e-12
82.500000 1.341e-14 7.271e-12
82.600000 3.940e-15 2.137e-12
82.700000 -9.813e-15 -5.323e-12
82.800000 -9.334e-15 -5.063e-12
82.900000 3.391e-15 1.840e-12
83.000000 1.044e-14 5.663e-12
83.100000 3.069e-15 1.665e-12
83.200000 -7.642e-15 -4.145e-12
83.300000 -7.270e-15 -3.943e-12
83.400000 2.641e-15 1.433e-12
83.500000 8.131e-15 4.410e-12
83.600000 2.390e-15 1.296e-12
83.700000 -5.952e-15 -3.228e-12
83.800000 -5.662e-15 -3.071e-12
83.900000 2.057e-15 1.116e-12
84.000000 6.332e-15 3.435e-12
84.100000 1.861e-15 1.010e-12
84.200000 -4.635e-15 -2.514e-12
84.300000 -4.409e-15 -2.392e-12
84.400000 1.602e-15 8.690e-13
84.500000 4.931e-15 2.675e-12
84.600000 1.450e-15 7.863e-13
84.700000 -3.610e-15 -1.958e-12
84.800000 -3.434e-15 -1.863e-12
84.900000 1.248e-15 6.767e-13
85.000000 3.841e-15 2.083e-12
85.100000 1.129e-15 6.123e-13
85.200000 -2.811e-15 -1.525e-12
85.300000 -2.674e-15 -1.451e-12
85.400000 9.717e-16 5.271e-13
85.500000 2.991e-15 1.622e-12
85.600000 8.792e-16 4.769e-13
85.700000 -2.190e-15 -1.188e-12
85.800000 -2.083e-15 -1.130e-12
85.900000 7.567e-16 4.105e-13
86.000000 2.329e-15 1.264e-12
86.100000 6.847e-16 3.714e-13
86.200000 -1.705e-15 -9.249e-13
86.300000 -1.622e-15 -8.798e-13
86.400000 5.894e-16 3.197e-13
86.500000 1.814e-15 9.840e-13
86.600000 5.333e-16 2.893e-13
86.700000 -1.328e-15 -7.203e-13
86.800000 -1.263e-15 -6.852e-13
86.900000 4.590e-16 2.490e-13
87.000000 1.413e-15 7.664e-13
87.100000 4.153e-16 2.253e-13
87.200000 -1.034e-15 -5.610e-13
87.300000 -9.838e-16 -5.336e-13
87.400000 3.575e-16 1.939e-13
87.500000 1.100e-15 5.968e-13
87.600000 3.234e-16 1.754e-13
87.700000 -8.055e-16 -4.369e-13
87.800000 -7.662e-16 -4.156e-13
87.900000 2.784e-16 1.510e-13
88.000000 8.570e-16 4.648e-13
88.100000 2.519e-16 1.366e-13
88.200000 -6.273e-16 -3.403e-13
88.300000 -5.967e-16 -3.237e-13
88.400000 2.168e-16 1.176e-13
88.500000 6.674e-16 3.620e-13
88.600000 1.962e-16 1.064e-13
88.700000 -4.886e-16 -2.650e-13
88.800000 -4.647e-16 -2.521e-13
88.900000 1.689e-16 9.159e-14
89.000000 5.198e-16 2.819e-13
89.100000 1.528e-16 8.287e-14
89.200000 -3.805e-16 -2.064e-13
89.300000 -3.619e-16 -1.963e-13
89.400000 1.315e-16 7.133e-14
89.500000 4.048e-16 2.196e-13
89.600000 1.190e-16 6.454e-14
89.700000 -2.963e-16 -1.607e-13
89.800000 -2.819e-16 -1.529e-13
89.900000 1.024e-16 5.555e-14
90.000000 3.153e-16 1.710e-13
90.100000 9.267e-17 5.026e-14
90.200000 -2.308e-16 -1.252e-13
90.300000 -2.195e-16 -1.191e-13
90.400000 7.976e-17 4.326e-14
90.500000 2.455e-16 1.332e-13
90.600000 7.217e-17 3.915e-14
90.700000 -1.797e-16 -9.749e-14
90.800000 -1.710e-16 -9.273e-14
90.900000 6.212e-17 3.369e-14
91.000000 1.912e-16 1.037e-13
91.100000 5.621e-17 3.049e-14
91.200000 -1.400e-16 -7.592e-14
91.300000 -1.331e-16 -7.222e-14
91.400000 4.838e-17 2.624e-14
91.500000 1.489e-16 8.077e-14
91.600000 4.377e-17 2.374e-14
91.700000 -1.090e-16 -5.913e-14
91.800000 -1.037e-16 -5.625e-14
91.900000 3.768e-17 2.044e-14
92.000000 1.160e-16 6.291e-14
92.100000 3.409e-17 1.849e-14
92.200000 -8.490e-17 -4.605e-14
92.300000 -8.076e-17 -4.380e-14
92.400000 2.934e-17 1.592e-14
92.500000 9.032e-17 4.899e-14
92.600000 2.655e-17 1.440e-14
92.700000 -6.612e-17 -3.586e-14
92.800000 -6.289e-17 -3.411e-14
92.900000 2.285e-17 1.240e-14
93.000000 7.034e-17 3.815e-14
93.100000 2.068e-17 1.122e-14
93.200000 -5.149e-17 -2.793e-14
93.300000 -4.898e-17 -2.657e-14
93.400000 1.780e-17 9.653e-15
93.500000 5.478e-17 2.972e-14
93.600000 1.610e-17 8.735e-15
93.700000 -4.010e-17 -2.175e-14
93.800000 -3.815e-17 -2.069e-14
93.900000 1.386e-17 7.518e-15
94.000000 4.267e-17 2.314e-14
94.100000 1.254e-17 6.803e-15
94.200000 -3.123e-17 -1.694e-14
94.300000 -2.971e-17 -1.611e-14
94.400000 1.079e-17 5.855e-15
94.500000 3.323e-17 1.802e-14
94.600000 9.767e-18 5.298e-15
94.700000 -2.432e-17 -1.319e-14
94.800000 -2.314e-17 -1.255e-14
94.900000 8.407e-18 4.560e-15
95.000000 2.588e-17 1.404e-14
95.100000 7.607e-18 4.126e-15
95.200000 -1.894e-17 -1.028e-14
95.300000 -1.802e-17 -9.774e-15
95.400000 6.547e-18 3.551e-15
95.500000 2.015e-17 1.093e-14
95.600000 5.924e-18 3.213e-15
95.700000 -1.475e-17 -8.002e-15
95.800000 -1.403e-17 -7.612e-15
95.900000 5.099e-18 2.766e-15
96.000000 1.570e-17 8.514e-15
96.100000 4.614e-18 2.503e-15
96.200000 -1.149e-17 -6.232e-15
96.300000 -1.093e-17 -5.928e-15
96.400000 3.971e-18 2.154e-15
96.500000 1.222e-17 6.630e-15
96.600000 3.593e-18 1.949e-15
96.700000 -8.948e-18 -4.854e-15
96.800000 -8.512e-18 -4.617e-15
96.900000 3.093e-18 1.677e-15
97.000000 9.520e-18 5.164e-15
97.100000 2.798e-18 1.518e-15
97.200000 -6.969e-18 -3.780e-15
97.300000 -6.629e-18 -3.596e-15
97.400000 2.409e-18 1.306e-15
97.500000 7.414e-18 4.022e-15
97.600000 2.179e-18 1.182e-15
97.700000 -5.427e-18 -2.944e-15
97.800000 -5.163e-18 -2.800e-15
97.900000 1.876e-18 1.017e-15
98.000000 5.774e-18 3.132e-15
98.100000 1.697e-18 9.206e-16
98.200000 -4.227e-18 -2.293e-15
98.300000 -4.021e-18 -2.181e-15
98.400000 1.461e-18 7.924e-16
98.500000 4.497e-18 2.439e-15
98.600000 1.322e-18 7.170e-16
98.700000 -3.292e-18 -1.786e-15
98.800000 -3.131e-18 -1.698e-15
98.900000 1.138e-18 6.171e-16
99.000000 3.502e-18 1.900e-15
99.100000 1.029e-18 5.584e-16
99.200000 -2.564e-18 -1.391e-15
99.300000 -2.439e-18 -1.323e-15
99.400000 8.861e-19 4.806e-16
99.500000 2.727e-18 1.479e-15
99.600000 8.017e-19 4.349e-16
99.700000 -1.997e-18 -1.083e-15
99.800000 -1.899e-18 -1.030e-15
99.900000 6.901e-19 3.743e-16
